297 34
1772 68
1140 11
1534 74
20 53
604 53
1909 65
1578 27
1504 59
1354 86
610 13
1286 53
341 2
156 50
730 18
1138 4
528 83
1952 13
433 99
1146 55
1416 100
565 28
567 27
99 60
1766 17
91 72
301 1
1480 8
1523 89
950 71
1461 35
1870 53
1953 98
707 51
971 16
194 28
1391 8
690 75
1380 95
636 48
647 50
315 47
553 47
788 80
416 49
1683 46
661 10
1603 75
1097 19
640 71
1258 61
853 2
337 3
342 35
804 39
1476 36
1111 96
1900 29
683 46
1978 18
693 90
605 13
697 83
1080 64
1017 64
897 4
266 88
612 75
1343 12
163 17
1075 20
839 -1
1600 75
383 7
994 93
1597 38
691 68
1373 75
1087 91
1319 53
494 75
1890 25
578 47
57 91
942 88
1297 99
1401 23
1150 17
242 40
1767 55
1976 81
