761 97
885 80
1418 96
1969 92
226 17
168 90
1359 22
668 42
1068 18
50 12
604 93
1970 38
1684 65
1209 12
1279 87
1672 16
1446 65
37 27
1170 19
1944 44
1564 7
1964 60
1897 84
620 67
431 87
1676 100
1176 75
1624 53
1 84
1915 7
827 34
1320 26
1980 58
1039 13
377 17
774 56
1992 34
577 90
1985 7
534 87
1845 -1
259 23
1036 54
1840 58
1224 35
1052 85
1025 31
399 92
1409 10
61 2
1820 93
1397 100
956 40
44 39
1097 6
1884 69
857 20
1735 87
1975 65
568 7
200 14
964 12
546 55
1920 1
1232 95
724 55
396 72
1155 5
295 94
644 77
1379 10
979 60
1737 3
1873 93
1912 57
103 72
509 16
77 72
