972 70
928 28
509 77
87 48
477 8
1318 25
1237 20
1892 95
208 25
799 78
711 1
1244 71
641 3
654 45
1434 1
471 11
1645 17
715 58
462 53
1779 75
1886 17
148 15
833 41
1373 18
504 58
1354 92
1617 82
838 23
1821 28
1388 68
1577 52
1692 36
51 16
1404 73
330 15
22 2
1812 51
1000 41
405 29
382 98
1339 47
1657 23
1727 53
320 39
1610 83
1864 15
1106 75
830 66
386 48
695 17
1736 2
1492 73
873 29
1576 54
1994 3
992 9
1274 31
1963 18
1904 53
249 37
437 3
373 6
1314 43
1111 22
859 17
29 32
1356 2
1001 79
1527 19
1807 70
1623 86
344 19
360 54
1483 52
1101 57
1382 86
259 97
1007 25
1239 87
1991 99
28 10
1253 86
1606 45
713 94
775 35
260 62
560 24
1406 95
1403 68
1663 29
442 17
1772 1
804 22
1299 51
1156 36
399 26
718 12
11 21
