399 100
113 30
1042 24
467 46
168 50
1948 9
1435 1
525 74
1320 5
1524 80
942 95
1993 32
54 5
731 90
1428 20
1313 64
1255 70
1811 64
1087 92
853 75
751 33
1163 16
1756 36
1144 86
1793 86
1343 84
533 79
1256 2
1393 95
198 92
1154 45
899 29
1638 76
1145 85
106 12
1009 97
337 7
1841 9
1243 44
52 33
1992 75
1694 90
322 33
196 22
1551 17
1427 7
1150 80
986 24
530 58
356 44
1892 93
172 53
1540 55
1361 37
812 42
298 49
1660 94
506 92
237 70
9 88
1743 91
478 100
179 92
351 10
1444 82
1974 99
187 38
40 6
447 82
915 45
598 3
144 76
476 63
1676 4
576 64
1130 82
588 56
531 77
616 26
420 54
759 59
1902 77
1651 36
1391 60
603 77
617 57
1889 57
1467 78
1442 34
1851 57
1070 44
