880 82
1194 61
628 22
242 97
1483 12
1632 2
983 15
376 8
907 -1
115 65
1230 55
1187 7
222 95
643 21
1269 87
1302 11
1407 79
74 65
1600 39
450 73
924 100
651 70
105 94
1674 41
1919 38
1570 47
1559 31
990 57
529 72
1052 60
1367 56
15 91
216 24
1106 89
1638 72
1823 39
1272 51
1991 33
725 2
800 35
1044 23
909 99
1264 49
159 35
1515 2
1548 52
41 52
1665 86
706 60
1669 22
1768 22
1657 81
235 39
1477 26
758 24
757 84
80 90
1689 87
1761 48
1184 15
492 62
1075 27
1594 98
1666 64
775 63
1537 57
1091 77
675 -1
1307 94
1703 35
24 82
134 80
728 5
1684 33
1499 19
1595 83
1168 2
423 6
1109 14
518 45
447 16
255 96
363 90
45 73
1179 31
858 60
442 29
613 63
1821 22
341 52
810 86
