1032 10
904 28
693 19
1673 14
1792 51
1710 6
1980 95
1875 84
1874 45
346 73
1526 69
814 45
121 61
695 91
1786 16
1005 53
878 87
1896 38
60 63
28 84
302 99
355 21
755 5
728 14
709 78
1088 8
960 100
1036 75
276 12
1104 82
720 49
1415 18
624 18
1593 45
952 36
1071 100
51 85
1993 62
936 20
1679 49
1432 38
975 56
1844 18
1552 5
1509 98
752 14
385 75
307 80
444 75
194 54
1795 74
322 57
1281 30
1859 100
1996 64
1881 72
480 49
660 61
1758 79
262 73
45 85
1706 16
156 34
662 18
518 21
1237 2
1264 68
847 2
881 34
351 18
31 82
1394 18
1790 21
244 17
1361 29
1410 13
951 18
616 48
1554 35
1832 23
1325 35
1134 22
299 2
233 55
1434 39
1453 57
1060 80
626 58
341 7
1353 85
1224 8
284 16
696 21
750 71
129 31
1843 94
