1180 70
586 40
1207 2
426 74
1054 90
731 65
1170 18
1962 62
1808 57
581 70
320 19
838 77
574 94
1300 9
76 48
1502 96
693 81
1647 55
1156 75
1970 61
1699 71
1538 46
769 57
1070 97
224 41
376 13
1141 31
850 77
1224 8
555 5
1657 43
951 88
794 79
333 24
1913 79
391 43
1289 47
1839 80
991 29
965 13
1606 86
1128 93
609 68
888 98
1661 73
392 50
1899 21
945 89
1000 77
1667 63
197 38
1089 75
1662 30
686 9
785 38
783 56
608 68
876 97
1790 76
597 93
1922 81
1885 79
141 51
1112 25
1721 16
74 87
1740 16
189 27
1479 42
291 57
183 52
412 59
1079 50
43 25
1730 78
354 77
482 96
1654 13
193 86
1138 52
1414 85
820 67
809 52
1824 35
1774 98
1809 39
1907 90
323 52
52 46
1222 46
1202 22
1872 51
1725 18
1583 47
1533 7
