1754 59
1165 95
860 89
1296 35
638 43
1030 81
43 64
779 13
1758 98
289 38
890 93
308 90
1170 12
119 50
9 43
1871 11
1961 41
95 83
192 11
293 9
1384 72
1880 22
244 8
1473 39
1452 7
88 79
450 76
416 46
1017 86
356 33
520 98
1234 11
235 54
1371 72
344 21
1766 30
133 43
79 75
1582 75
766 32
106 35
497 64
647 95
731 59
1862 93
1637 59
1828 83
799 89
1314 42
1835 53
478 91
1379 80
697 95
720 49
1124 72
387 10
780 68
1499 35
1746 47
604 4
996 43
1021 29
168 79
1174 24
914 92
1038 60
299 54
399 56
1768 71
695 47
1416 24
202 23
1060 77
1192 26
375 41
223 55
272 62
1771 11
1003 2
995 80
129 86
1401 1
1665 81
484 89
1292 73
162 23
298 64
266 85
125 23
1528 15
1202 47
1991 29
159 16
1622 15
1525 47
