1181 39
668 53
531 77
1116 13
394 81
1405 94
337 72
10 24
965 4
1392 91
1633 43
1479 92
1028 6
1749 60
1937 61
749 5
269 86
1946 90
15 91
1766 83
279 20
929 37
1062 22
816 47
202 4
1878 95
1241 13
1627 46
517 61
850 84
220 100
1045 45
625 64
1938 4
80 81
1089 16
784 35
1825 32
131 11
510 25
844 15
598 81
473 76
28 92
1269 39
734 79
382 47
1250 55
1657 86
1406 89
569 64
834 50
1585 34
1632 93
1660 99
23 89
1451 85
1934 62
1059 19
671 39
843 67
603 27
172 28
500 35
1843 44
1559 96
1079 19
1839 15
552 26
1207 99
177 84
684 61
249 50
1037 62
633 22
115 67
1831 94
530 41
1330 59
935 94
570 99
1942 53
1764 29
1561 20
545 41
486 46
