1859 31
398 80
1052 83
1227 79
181 1
1838 92
866 51
1532 37
1915 23
1763 47
1795 20
547 15
477 39
1488 9
921 46
1080 58
388 1
1068 35
1953 55
782 68
762 38
227 62
926 10
1870 91
394 70
1601 20
794 14
641 19
1292 41
1839 22
23 8
423 64
470 64
1221 56
1004 32
1205 70
38 59
586 89
1646 32
184 35
1986 38
1512 56
1761 97
685 59
1894 26
1692 100
1408 89
1620 21
1200 95
250 85
1101 97
1123 97
1440 70
1429 25
1246 34
1805 64
1996 87
435 10
259 24
98 29
543 4
1511 30
1851 8
1082 68
1199 94
1770 6
237 72
144 35
1904 37
1673 60
1596 83
1681 10
768 29
1310 22
99 82
1497 92
1793 35
539 43
1867 52
382 78
1287 88
442 8
1672 16
1174 78
564 57
