456 81
829 17
730 74
1998 88
1234 4
1331 74
1620 21
8 21
956 46
1633 16
1936 40
1034 16
792 66
455 84
510 90
1074 97
107 35
493 71
629 60
1750 65
940 60
1094 59
1872 84
1944 95
1571 100
1272 98
497 40
1638 74
1531 63
1489 31
545 64
1183 96
335 45
245 68
1047 95
56 33
414 76
1749 28
84 55
244 69
385 95
1565 24
541 42
1729 50
806 21
809 90
1917 80
287 38
1549 31
1193 63
689 57
1141 31
1694 46
1318 87
386 12
1443 95
1310 58
132 91
380 78
1752 20
1015 32
1420 33
258 30
1699 55
1481 79
105 41
737 75
1969 12
1960 49
1906 42
1981 16
126 27
1480 28
1028 61
968 26
1574 10
1686 70
953 23
997 34
202 66
1309 41
1450 79
361 68
472 93
834 93
683 88
523 88
1432 29
1136 53
