1403 96
1359 58
1956 85
1303 4
65 61
1803 25
620 53
1102 86
1293 18
1318 90
1931 37
1463 77
291 79
534 76
1261 11
1013 84
1010 81
1322 80
159 15
28 49
701 9
1995 63
14 67
1877 45
333 53
1193 69
1274 58
521 -1
594 8
1815 81
157 82
445 78
1584 62
348 7
1052 17
257 69
866 57
1286 55
745 15
232 29
1353 28
1609 43
1287 40
1471 99
1178 7
1872 20
853 33
1548 56
959 43
1901 87
1771 28
1232 64
949 15
23 89
11 72
1774 25
1384 81
937 94
87 68
1727 21
850 94
1169 78
1613 65
1236 87
1033 68
201 51
1328 71
1798 67
832 39
1938 68
1445 25
1299 42
943 79
388 74
790 65
605 68
1279 12
770 43
342 37
536 33
1112 57
1944 70
1116 85
557 66
759 89
1357 75
31 63
1181 26
158 84
1254 62
1174 67
147 -1
1211 15
1050 39
173 7
50 35
