1920 4
961 30
1119 100
1956 37
1467 64
1401 82
682 26
1203 41
136 32
1240 27
767 47
448 66
140 96
1918 13
1262 54
529 52
685 62
1196 75
202 85
494 55
1984 30
1497 5
1976 80
1522 88
1021 56
755 11
1180 76
1385 19
645 15
251 86
211 21
950 67
1745 3
437 100
414 21
1959 31
305 14
1419 53
1853 19
500 54
1036 69
22 83
1555 92
83 36
829 93
1877 65
250 46
371 25
296 76
641 58
391 13
1140 63
931 30
1851 92
1534 100
1978 64
1306 68
1719 27
629 14
588 78
1808 12
1380 38
426 74
1115 64
710 45
1587 83
974 47
499 95
1130 35
838 19
1825 74
1195 83
703 36
1782 10
882 41
1574 24
15 24
1487 6
356 73
1116 60
1862 65
1795 18
103 70
1724 30
474 32
441 90
1759 -1
1846 56
1817 63
1986 32
673 35
1029 18
1429 55
1919 41
