1155 12
898 12
140 28
1455 64
119 -1
1468 6
1766 91
70 7
779 74
1970 32
1548 58
1517 12
1003 15
600 61
376 58
282 80
1047 53
997 95
1750 15
1100 13
929 88
1654 72
897 30
527 37
24 60
960 39
1904 38
1594 49
137 37
1334 43
1497 79
5 23
902 22
1891 99
1434 52
1499 46
129 31
385 50
863 33
138 32
490 70
1574 20
1865 12
726 15
310 22
134 15
78 88
516 34
1889 83
331 68
598 69
832 98
321 22
552 81
501 68
396 12
88 62
1428 29
391 4
253 99
1132 17
1241 33
511 49
877 94
1736 76
695 61
1655 80
86 89
1652 10
1049 100
765 8
749 53
747 41
1578 62
1077 97
440 56
1637 69
231 8
656 8
489 52
1689 4
623 74
1903 78
1035 22
593 92
