454 64
1853 39
1212 56
262 67
1241 70
361 11
1072 10
1902 75
1053 18
884 24
1258 60
776 35
549 58
1943 10
1107 84
1231 34
461 60
1849 14
1102 49
42 91
413 53
1603 2
1981 12
809 26
970 53
1233 37
1564 63
1570 66
1767 24
1932 62
280 43
1549 71
1340 39
678 12
1202 57
1966 5
1607 66
522 70
1756 81
536 80
1528 8
367 66
1161 89
1067 99
1994 5
1869 83
286 52
274 4
571 44
1013 51
145 71
1437 11
1190 9
203 27
1636 46
1352 23
1272 62
207 98
1434 85
72 53
824 48
24 4
1020 20
299 15
289 15
1925 31
1287 5
1798 43
1351 62
1950 94
906 23
1210 73
1307 72
844 61
1651 16
238 57
1277 18
92 26
1524 78
1203 35
315 74
1637 36
686 85
1226 23
934 95
