975 58
556 100
227 76
1447 78
1252 51
928 33
364 32
17 41
1048 80
1595 51
1035 5
181 45
1031 27
1098 24
1742 53
1321 86
8 96
817 11
1233 50
1553 92
805 55
1966 41
479 55
1564 92
349 60
1286 4
400 68
1053 14
1931 92
1125 99
1515 51
1190 40
1501 17
216 84
1072 13
678 57
49 31
914 55
1097 65
207 87
1858 11
1822 9
867 100
730 43
1423 16
653 17
1347 10
109 15
891 72
844 74
153 36
1341 81
511 93
1554 52
72 22
1600 50
1750 94
809 10
1870 26
330 65
1924 32
1743 82
55 13
767 70
510 98
1459 42
991 70
575 2
343 89
1548 41
1614 94
237 42
268 72
864 34
236 80
1732 90
1883 35
595 71
1458 42
1932 81
1589 86
969 59
467 55
716 89
1642 30
1616 15
753 81
1089 54
211 99
1588 89
1958 11
982 72
