1324 89
700 60
455 12
1084 41
17 -1
789 94
984 69
921 4
512 78
757 12
748 55
1898 5
594 90
1569 14
39 59
528 42
883 84
347 1
1540 57
1524 57
1565 92
277 57
494 96
64 78
1091 79
1158 21
1255 49
1608 26
1066 49
1686 71
1327 48
1624 49
398 26
746 11
1476 37
445 65
1277 89
1280 99
1329 91
874 55
624 67
292 60
1470 2
392 43
1690 23
543 5
294 75
1122 57
118 20
69 81
1570 12
820 22
929 59
1137 78
571 78
1462 93
1691 41
1849 53
451 69
1668 45
216 26
1357 88
576 48
959 66
1932 64
854 74
309 21
1235 65
666 62
1702 55
1948 89
491 97
182 91
1757 12
365 26
893 47
1308 66
1878 69
712 70
1875 83
1312 89
1241 70
176 43
644 48
1537 26
1815 98
1969 40
1125 80
1504 38
1957 7
1060 96
1278 77
145 44
724 44
505 68
531 82
