1429 2
1615 59
581 13
315 54
857 72
579 11
444 26
348 96
14 19
1146 24
458 53
414 94
60 39
1668 79
1729 83
10 98
53 40
1698 53
1992 46
1455 46
608 47
1484 98
1679 4
1150 100
1010 62
835 23
1388 21
174 30
1050 7
243 53
1306 99
1754 27
244 38
1718 92
1631 98
1971 9
663 43
1949 48
1415 37
1018 53
945 39
967 27
1239 56
1795 86
1435 17
111 79
820 53
371 22
1956 55
270 91
830 94
242 85
1490 75
37 29
333 61
1038 64
800 97
1802 100
148 29
1701 33
558 11
877 14
1682 24
1268 61
173 100
246 5
269 34
41 57
81 90
391 46
736 47
228 73
457 3
1897 76
580 84
1707 84
761 95
665 22
894 35
1946 89
1877 34
1533 41
1244 76
753 94
1488 8
626 25
