1370 42
87 39
1652 99
396 40
1365 5
177 50
1223 14
1204 18
1800 32
711 33
667 26
161 78
313 40
1358 8
1545 26
712 25
523 97
453 61
873 32
1934 18
596 61
727 90
1858 40
155 87
1745 52
1726 79
1845 62
896 59
1660 42
555 10
850 46
1415 14
1902 46
1474 89
1336 27
1926 76
56 98
736 15
1756 81
1133 22
802 27
432 64
285 45
1124 32
470 68
332 13
299 52
1162 92
1086 63
739 46
1546 62
1419 18
274 41
1293 22
638 45
1963 21
636 35
675 30
898 25
634 45
1059 84
1703 14
1126 3
1181 33
259 56
1339 22
1695 61
1985 93
851 87
415 69
60 66
910 6
894 11
1074 93
260 9
1960 23
439 71
1692 94
46 80
937 32
747 77
1266 1
549 36
