1268 18
1462 64
5 74
1308 23
30 30
1170 62
901 37
1770 10
1011 61
991 35
1939 71
613 28
1000 -1
286 64
1629 72
1407 87
1131 73
97 47
1978 67
699 83
1981 74
669 15
862 25
1089 85
420 4
365 4
635 38
1662 97
1220 99
1116 32
581 8
192 43
851 85
754 21
616 74
49 6
609 9
1048 43
965 76
1193 76
1498 82
358 97
1632 100
656 33
1636 40
1807 33
1977 71
332 56
1817 8
222 62
107 25
1349 87
342 61
1596 21
705 80
1761 44
1876 65
1399 4
262 96
1557 18
1860 40
205 44
361 6
69 6
1593 86
1360 57
308 16
958 17
1831 56
852 79
1142 78
1227 2
892 38
67 25
73 98
1366 34
284 97
979 93
1795 19
1412 67
251 29
941 51
1904 65
759 29
995 34
1099 47
968 6
1719 4
1901 46
1898 62
1206 36
348 91
269 51
370 87
1215 54
219 40
681 2
962 33
