281 50
276 92
316 44
686 19
660 67
101 30
1259 46
758 36
1605 74
167 81
642 55
918 81
1469 46
689 4
1171 92
1620 80
993 62
1446 11
23 93
1458 66
75 15
494 97
1630 24
1586 40
1799 19
1326 22
307 33
297 99
1096 23
363 96
1740 53
1084 93
1925 67
1289 48
389 39
955 98
1563 41
1583 13
1059 59
1915 52
1425 81
1368 78
92 28
798 82
236 86
244 21
1043 85
977 -1
1580 91
1910 43
597 95
1711 20
343 41
395 2
475 19
1470 92
1861 27
1320 22
677 19
1306 82
684 27
498 41
1318 73
817 53
1271 34
391 88
1196 25
1694 54
207 84
630 10
443 32
1273 44
1144 11
1101 98
562 28
129 57
783 70
1354 96
417 25
1256 13
1133 87
