882 50
1959 16
1467 83
412 56
478 80
1128 37
155 91
1726 7
524 43
1770 56
1864 48
1268 76
1343 31
952 90
1999 72
315 19
1318 4
768 66
482 98
1778 12
61 33
1024 83
758 51
1104 50
872 3
883 24
64 86
1910 92
600 91
1615 12
580 18
106 50
1262 45
447 52
1210 54
1716 64
47 42
1579 15
1337 84
1331 65
1872 85
1425 82
999 97
576 31
362 87
394 65
1771 10
839 9
152 87
1369 33
998 79
329 5
984 10
641 23
1488 28
683 14
462 86
1549 65
1005 92
1149 67
1846 39
1235 75
527 48
926 98
765 41
3 9
1064 36
246 63
596 89
542 82
53 94
500 51
302 39
577 63
993 30
837 76
684 30
417 61
1397 30
1096 35
1837 26
1802 81
644 97
27 26
571 47
1353 38
863 59
1275 66
81 24
612 92
763 64
