1329 11
1501 12
492 100
1672 20
633 60
172 18
1851 56
491 92
827 94
1861 70
447 56
58 1
455 3
1062 22
1075 6
836 41
1968 81
1900 53
576 33
1797 89
1131 38
1089 99
161 31
130 84
1326 95
259 62
1941 64
1429 86
583 78
73 16
802 82
1188 77
343 19
1777 59
1419 47
463 98
1856 31
1294 96
1174 86
1552 73
192 17
782 57
1585 42
1990 94
1004 10
996 85
1377 71
792 96
19 82
629 59
1498 56
1833 32
5 88
982 65
1803 71
1558 58
365 86
1943 68
136 91
53 63
1309 66
818 83
706 93
962 66
486 27
1274 87
1510 98
1077 19
1451 96
1987 59
840 67
1295 17
554 13
1665 13
1801 80
717 71
1152 84
1671 35
1113 18
762 41
1327 60
1055 89
549 83
1743 95
610 60
1373 11
1408 70
887 51
1057 54
1238 87
1316 46
881 74
722 61
916 94
193 34
1283 58
1344 20
