661 50
859 17
642 4
434 48
638 81
1374 57
324 38
1373 96
29 97
1601 86
834 40
1924 45
729 15
1860 9
1547 84
370 9
998 6
451 59
1908 48
346 4
615 5
1627 83
1871 33
373 94
1408 3
946 88
826 11
1977 16
72 4
1343 89
1357 26
1970 71
53 49
175 58
495 93
579 73
705 31
1042 90
788 77
483 43
1359 91
945 10
1997 14
1731 31
183 47
135 69
1799 61
1578 3
893 28
1428 45
315 25
1129 36
1010 70
1412 83
1794 94
1881 77
19 40
581 22
1768 27
70 97
1770 29
1103 4
1094 5
976 88
915 68
43 45
724 14
1782 51
942 64
748 5
1243 55
1350 60
1612 86
421 84
554 62
1463 46
522 26
812 42
785 3
1462 25
1144 92
1598 18
651 77
595 78
1174 50
399 4
1530 35
1002 86
211 91
958 28
1661 1
1791 40
749 12
1992 74
1157 69
1915 21
