1657 9
1271 37
700 99
628 44
1488 55
1962 45
486 66
1722 5
714 100
89 32
38 54
109 69
1903 35
318 74
97 40
437 20
278 45
639 1
1921 17
105 10
240 12
1370 64
840 1
53 64
1846 80
614 90
467 65
1131 40
1809 57
1714 44
165 30
995 90
1815 67
180 38
1769 91
1105 18
1130 59
1287 46
952 15
1726 70
1204 73
1122 50
1689 23
1543 84
725 60
1672 68
1456 46
813 80
1163 69
195 47
328 63
931 59
1729 24
712 96
1390 22
385 48
1162 19
750 35
19 91
56 87
1830 40
857 19
929 51
665 90
1536 68
1655 33
1240 7
106 31
678 4
991 51
1538 49
461 100
401 8
1518 37
62 37
406 15
9 26
518 42
1296 49
427 2
1839 60
528 30
1923 25
502 39
1200 38
709 28
383 16
578 14
1630 53
986 70
1355 96
794 68
113 55
1547 35
1475 54
1894 46
400 77
1860 21
