391 83
317 58
1775 1
491 87
217 28
1013 3
318 43
812 59
155 93
867 53
527 68
585 93
1534 22
1126 29
1459 41
424 77
1020 78
1582 13
1393 6
193 14
1196 67
67 14
936 40
40 100
1614 63
1462 82
1637 9
1663 57
1418 69
1228 79
1185 46
372 8
373 32
262 29
838 23
1712 35
1049 100
1927 96
680 76
1958 39
556 1
1431 42
1093 34
1460 9
1148 47
243 60
23 44
1494 17
345 49
1496 39
142 74
26 79
1527 4
1628 94
1406 10
232 73
194 42
453 40
999 43
945 81
448 59
1969 82
1631 57
432 4
1489 34
473 25
254 59
1295 19
778 46
244 41
957 24
1469 68
1248 56
211 51
1700 4
52 67
1581 94
126 94
482 92
123 48
48 5
1502 50
1638 7
690 15
616 58
1198 16
69 43
1366 16
