585 5
1731 85
1217 91
143 83
169 12
1235 77
82 46
1475 6
1721 16
1179 17
672 56
1757 8
1401 100
369 33
1969 93
1339 74
1010 36
304 51
1037 80
582 19
495 59
39 49
1157 56
1662 86
1302 64
1617 76
1274 10
1924 77
1709 82
418 59
1703 87
1236 13
1584 51
14 78
938 53
1279 47
1514 19
1582 73
1180 38
142 37
1429 11
656 82
525 50
1326 74
1146 54
541 20
789 33
482 60
1810 34
1920 75
1894 83
823 5
943 71
1035 72
1375 92
1342 52
1407 -1
1811 37
55 6
985 97
1777 6
1744 84
1334 62
252 19
1377 48
435 7
1800 90
1782 62
156 6
36 22
795 74
788 48
1230 45
93 69
1759 50
367 17
1329 17
1679 40
1333 75
912 54
3 78
606 85
392 73
