1340 87
67 10
1475 98
1656 98
1876 51
185 60
442 7
134 72
1547 22
1334 35
274 13
1937 35
697 19
1563 80
1402 6
824 17
205 46
46 87
439 20
789 36
909 88
721 70
1713 79
1478 82
1798 43
1128 15
420 62
1866 35
235 33
368 69
1725 16
1594 53
989 52
1559 18
1668 56
285 5
910 78
1911 99
294 6
657 94
1176 30
844 65
606 18
1997 20
537 1
1871 34
372 86
165 50
1507 32
96 31
548 88
408 -1
1722 30
1468 62
1195 29
1785 91
337 48
1409 72
481 66
1676 55
99 57
828 71
1004 28
970 89
1361 60
143 80
951 79
1298 47
1121 2
1276 21
1115 27
651 82
2000 8
969 97
1183 57
1551 59
321 8
1940 28
1145 92
1342 24
473 75
1350 97
1618 70
1222 83
1631 34
1943 35
1902 61
509 40
