1267 59
1223 70
1579 6
1361 16
1219 1
1604 10
1799 81
65 1
422 79
1685 6
935 59
600 94
788 21
689 8
1405 48
1195 67
913 49
1523 36
1005 33
1311 20
1164 5
1265 28
676 42
96 24
1118 39
1096 84
101 70
1769 96
225 56
652 71
1487 58
489 91
1959 90
896 67
50 96
1886 14
440 7
552 29
1429 71
83 48
526 23
426 73
517 84
1544 67
1316 96
958 13
118 79
1545 9
1435 81
1310 91
1129 98
1040 64
40 10
1029 35
1450 26
13 77
56 26
1006 58
1323 81
1809 11
327 49
1903 79
918 97
311 55
467 83
1892 31
1868 80
283 62
1448 37
1184 54
55 6
481 80
336 10
1877 87
596 44
1817 6
1806 23
519 77
947 41
737 94
344 32
1578 29
614 49
798 99
1684 95
1801 9
