1331 -1
1834 91
1218 84
1682 95
1538 82
548 55
352 46
370 22
1964 19
651 -1
1356 64
1166 59
697 63
792 7
894 67
470 64
555 29
935 79
1251 63
550 35
1010 28
1256 72
1224 88
1304 56
681 14
361 11
177 26
33 21
1285 42
979 36
810 84
1726 47
802 68
53 72
1563 65
662 88
1447 4
1892 15
1316 10
346 88
1250 17
732 88
316 89
1734 99
1004 72
1759 7
975 12
543 11
822 45
504 36
596 55
1894 23
1215 13
1858 16
337 80
1628 89
1219 86
205 71
383 65
1763 84
367 44
1273 28
554 71
1982 75
1096 85
849 28
1405 95
1497 58
584 2
1509 86
1585 79
340 82
51 4
1178 4
366 45
291 97
1106 69
1851 70
1162 86
1465 88
1289 82
1893 43
1939 70
1423 68
1238 29
1879 60
1786 72
772 96
1041 7
1291 73
1197 97
292 22
1670 75
1701 95
706 8
1938 77
1087 7
1965 69
