1308 8
994 77
604 57
1377 52
970 50
1907 14
1272 97
614 52
1780 56
966 76
876 2
722 28
191 98
118 49
1060 94
68 23
1450 21
550 22
884 56
247 5
605 40
1784 84
287 31
1503 76
588 63
1338 90
729 15
599 27
1290 57
1384 61
1709 77
1814 47
806 99
854 75
1051 24
1099 53
1891 63
1990 23
14 62
1584 59
233 99
1285 57
1595 45
1212 78
1673 26
1200 12
1593 32
1076 5
1849 2
1161 6
576 73
1665 23
289 92
1024 65
1911 46
795 39
1712 67
715 6
1055 82
656 52
1141 19
1441 6
1807 14
210 51
87 22
23 18
788 73
558 49
479 7
258 82
645 75
1054 30
908 47
430 95
1169 87
778 33
444 76
1590 9
768 9
1117 34
1353 53
1766 18
1836 50
1415 13
1536 78
309 13
1650 56
1014 99
1778 38
1700 74
