639 11
1843 5
450 21
1156 23
1787 77
242 12
233 31
272 93
86 84
830 47
451 50
423 30
203 47
239 78
1255 60
249 79
1690 3
1370 57
702 41
31 17
525 12
998 15
818 43
701 7
269 67
697 72
237 12
535 11
1914 34
1646 37
1001 77
1075 62
1543 -1
1554 78
1930 95
445 17
393 73
1781 19
172 15
1503 17
854 90
1395 47
1453 64
1998 69
1735 66
1612 3
824 51
1494 60
1155 20
1706 43
1628 53
1803 68
1032 87
1239 15
637 16
1528 36
1691 36
186 61
1051 33
1757 100
103 39
582 41
1195 93
467 73
1218 89
1596 12
317 82
769 74
105 42
982 49
901 97
1222 8
1411 1
2 41
1230 38
1953 32
1166 56
1579 23
1536 66
1038 23
1016 -1
349 15
1399 58
188 14
495 69
1887 50
