13 14
657 36
56 20
827 2
1285 84
558 38
296 79
1363 73
1819 10
1847 45
1761 59
1980 12
1793 38
934 82
1206 81
966 13
528 42
1091 57
419 4
1969 66
324 15
249 1
1773 5
1910 58
216 10
888 86
759 80
602 83
1362 19
345 41
1744 60
522 59
388 49
878 72
17 82
404 64
663 5
1141 34
1506 20
330 32
1265 12
678 6
1833 23
1552 60
1517 57
77 27
509 85
1630 80
1306 92
1264 69
1986 10
1319 38
510 37
1998 80
963 71
426 45
932 82
1084 23
1684 27
1007 62
115 11
1880 5
86 29
1628 100
1507 8
1034 8
1424 53
645 87
378 9
1256 60
1534 27
1561 2
1175 1
71 28
1173 78
292 71
614 65
9 55
864 48
1493 98
518 35
31 37
1907 32
832 21
1985 45
7 98
712 58
624 20
1452 31
226 97
515 85
506 32
1099 91
200 3
947 25
282 87
1349 29
134 74
1074 27
