1881 40
1559 62
1698 40
588 92
1834 34
919 69
868 14
587 84
574 49
1609 32
386 88
896 40
74 39
1556 -1
1783 56
1176 98
1827 66
641 47
1191 26
1624 41
1259 4
1528 63
1125 20
1313 2
243 74
339 15
1422 94
128 4
624 46
1934 97
1273 5
551 30
1332 43
1787 3
1362 74
1567 73
1576 37
611 41
1585 8
983 85
1948 16
159 64
1931 12
1387 91
1846 46
692 26
1305 20
1873 42
1419 69
747 43
1073 45
659 6
1507 13
616 61
1237 39
789 88
387 50
861 2
49 32
584 59
1443 90
751 18
975 9
252 66
1347 44
471 1
1126 26
1019 70
892 17
340 26
1542 39
1864 20
1106 45
874 7
1599 91
432 94
1295 66
466 8
838 31
734 58
1510 37
1010 6
191 37
19 44
1777 44
13 17
1705 13
1371 56
