887 40
1269 38
248 97
1848 8
1791 76
1038 41
1245 93
1396 29
1240 90
1474 86
299 37
1368 -1
1634 52
742 49
836 27
985 24
1920 74
135 64
163 68
604 60
1061 59
1803 5
1222 25
1254 96
828 62
782 46
1742 96
372 15
1664 97
1277 77
1892 89
1349 37
280 6
464 73
1225 89
1757 45
769 68
1950 74
1500 6
1908 93
1676 66
1327 35
703 68
1305 12
27 29
1392 100
344 95
1258 15
864 47
1730 64
141 43
1501 52
924 60
1835 47
204 46
751 1
834 54
1909 4
1763 63
1366 55
1017 73
1183 33
1455 50
730 13
1741 77
1109 86
1876 73
1462 86
1206 69
1050 58
862 4
284 84
1047 96
1987 72
1270 53
1121 43
369 41
1390 86
602 94
768 12
377 6
1131 95
256 3
851 66
531 42
254 36
892 56
740 86
1018 49
800 76
499 46
3 48
1690 93
1477 13
1217 62
1496 84
