328 85
1343 95
1398 5
1634 37
63 80
1062 23
1604 44
346 2
1883 97
442 88
1997 55
1438 30
277 26
788 63
1762 69
397 100
1753 100
1964 14
925 69
1053 54
1215 81
645 82
1117 98
243 36
1797 63
467 73
728 42
38 47
150 95
285 36
22 77
303 17
464 63
1288 48
246 63
555 5
185 50
247 85
1124 5
748 62
1375 56
978 24
137 90
217 33
179 8
1289 97
544 52
1869 27
1951 63
742 30
27 68
1641 91
320 80
187 52
1553 99
163 76
962 96
1717 42
895 34
369 43
1305 41
740 40
1476 46
1689 77
654 88
1189 23
269 54
1533 15
904 49
317 29
493 73
1191 58
1769 81
489 58
1785 52
931 30
216 99
1029 100
1872 85
