271 100
1565 31
133 89
1612 89
1596 62
1086 77
897 82
476 40
908 37
1030 53
1755 14
1350 88
424 23
1940 64
1002 19
426 37
667 85
388 100
1405 34
656 57
1468 31
313 76
344 27
1687 74
1396 -1
311 83
878 23
319 92
154 64
1765 39
1763 79
437 50
626 40
753 32
1499 6
1122 8
2000 76
1658 21
1096 38
732 27
1186 23
1305 82
1680 55
1968 79
699 91
1530 57
1777 63
1865 48
1203 8
1702 16
445 55
13 53
505 27
749 79
587 42
1808 34
1211 73
620 18
1761 77
654 77
1778 58
643 -1
1911 99
777 69
1590 77
1769 78
1155 12
223 19
1495 12
397 70
610 28
546 56
1869 2
499 70
1797 20
1195 60
1285 3
727 50
701 58
978 30
725 9
1089 52
1414 70
1746 97
1875 23
1996 38
392 2
539 27
1987 66
1404 42
1785 72
