797 37
444 43
1093 74
1336 -1
36 36
814 10
1 72
1068 45
391 89
704 32
1251 30
1382 77
1554 41
1812 44
1798 46
1611 43
197 21
109 47
190 64
1525 89
765 82
1014 86
1629 33
1654 33
1246 57
438 12
1081 83
1851 14
1409 66
1540 8
1107 40
145 31
1845 47
841 69
107 100
1471 90
1975 16
164 35
1210 30
1902 71
1255 6
810 39
1340 42
901 70
1519 35
653 41
991 84
1338 80
1285 94
1062 11
437 14
347 9
284 63
314 58
1884 58
631 89
187 77
1305 43
1762 25
832 -1
78 62
1797 55
1483 73
1755 44
1301 13
1033 7
549 56
558 87
317 92
1998 41
692 64
1995 99
516 74
1792 100
1096 84
333 16
1502 40
303 44
1220 95
585 71
1451 40
827 63
1507 20
642 65
1630 18
598 84
374 97
80 82
467 78
1954 92
507 7
1744 30
1049 82
545 44
