1954 3
203 58
1317 89
113 93
1490 47
1600 74
32 97
1284 32
1607 33
209 40
52 26
1074 16
1141 94
656 78
571 18
1877 30
568 42
1227 11
1299 64
433 72
1881 73
926 11
611 71
967 13
1662 87
1288 48
437 18
635 30
1764 57
1686 15
1171 89
587 32
40 34
383 67
1530 60
801 11
1635 50
401 7
1943 89
1187 63
1219 4
8 81
194 8
811 69
384 99
1998 96
299 88
10 4
976 16
1020 77
155 16
1095 31
1558 92
1789 23
535 55
1739 68
323 7
18 7
1948 77
565 40
966 12
1040 61
1290 50
462 43
1340 31
184 72
173 13
1915 81
450 89
181 81
491 74
1000 60
1983 69
1906 95
1969 69
1135 81
54 1
1988 80
1351 44
1047 73
282 21
952 1
542 10
