858 23
356 32
2 47
886 59
1035 80
1723 85
112 70
932 14
1286 49
1063 57
244 12
1811 87
583 56
1277 78
263 47
705 14
1267 56
915 37
307 96
1648 87
1639 38
1810 56
1947 72
1344 91
337 63
700 44
1273 50
713 5
837 43
1763 60
822 38
1729 20
1950 57
1890 81
297 10
471 6
924 60
347 83
1163 40
654 36
955 61
1768 18
909 47
86 96
1651 72
222 81
452 3
813 65
1175 94
451 15
258 88
34 41
1201 4
1526 79
1298 26
1195 45
968 76
1842 30
116 99
1182 74
1747 45
467 31
603 70
457 54
1084 55
1944 44
1385 61
1015 98
1374 71
1046 64
1905 60
1622 71
267 65
580 50
504 63
785 5
1624 44
1342 84
560 100
1479 86
1294 73
708 38
283 97
1410 32
340 57
1987 76
1179 4
1134 54
1628 59
1492 32
62 62
63 48
1291 23
1383 57
1861 11
1290 21
