1942 2
316 36
522 17
1731 96
1983 65
304 26
1953 86
211 72
1800 4
1900 5
548 7
630 69
107 35
1330 68
449 64
1718 68
268 69
1687 4
931 50
715 11
430 56
863 86
459 74
194 27
1985 92
1512 94
259 49
574 20
626 44
1699 66
1950 14
1682 69
632 19
955 62
158 42
1252 85
709 50
1547 50
61 17
1079 12
996 96
1919 34
624 33
791 59
315 92
415 30
373 2
766 47
970 84
967 22
1571 65
563 54
564 74
392 60
88 41
1380 22
1377 13
1046 75
1704 57
748 91
298 80
1646 87
736 58
1016 75
693 37
1710 21
808 56
982 96
427 51
1627 62
472 24
453 40
891 53
972 19
102 95
1187 20
1444 11
1358 23
932 77
593 35
897 99
127 70
129 34
442 75
1468 87
1697 49
1231 3
1247 43
1425 57
1127 40
1914 42
1945 69
517 1
1584 6
1771 64
345 53
55 18
