1836 35
1380 5
1607 32
37 87
338 13
246 94
256 99
1475 65
986 77
1839 63
350 30
1265 37
719 4
159 55
1406 6
1198 16
487 7
953 2
10 15
799 100
1606 61
1428 21
1390 68
1068 79
945 92
1389 14
1928 84
541 69
1677 34
1333 67
970 75
1656 79
36 97
4 41
1227 66
1662 90
203 87
653 52
929 92
1472 18
1008 51
1741 32
382 35
1421 86
1132 89
1598 43
1036 11
90 33
1277 76
1787 52
849 21
803 81
699 68
1013 2
879 8
1402 29
709 68
533 19
118 65
1615 9
1022 82
1152 57
1262 16
933 76
158 45
1964 12
1502 43
74 68
698 7
227 1
1240 7
1910 92
1499 43
1011 41
298 45
1631 69
537 43
1515 51
542 83
1704 66
585 23
742 100
665 8
1167 33
843 38
317 50
910 99
418 15
1727 60
1004 59
1074 44
1957 19
1737 88
952 20
944 92
1520 68
783 48
339 49
728 65
