837 31
1520 81
893 46
1254 77
398 44
701 56
70 14
1682 74
878 64
21 35
1213 47
1060 41
61 64
1609 21
295 15
432 37
63 44
1195 67
127 41
788 5
1793 94
1165 81
1566 7
938 43
178 66
567 54
365 2
438 82
1747 -1
1657 73
233 10
1066 70
927 68
1850 44
941 33
1491 80
80 6
712 61
424 44
463 7
389 57
527 79
968 12
913 81
1932 39
1937 37
208 26
302 49
1844 11
83 13
1446 100
1331 15
270 9
68 54
1286 68
1632 82
1917 34
1443 86
687 6
454 13
1635 57
1334 32
1391 88
670 -1
1035 41
724 11
966 97
1259 58
1715 23
112 83
742 52
274 6
1111 80
405 33
1079 16
1889 45
1808 30
275 42
1345 79
234 66
278 38
594 65
81 62
1608 89
565 93
1966 82
