503 35
499 67
66 26
979 4
48 9
33 28
1087 41
1580 100
1359 44
494 77
252 99
1931 62
1110 66
219 87
25 55
1601 30
1097 76
1048 77
790 8
249 61
1275 54
156 87
1810 92
802 90
927 1
664 96
162 8
121 50
1073 93
1815 70
1776 33
1050 19
1100 94
1636 72
217 37
694 79
895 2
1584 17
326 89
1230 35
866 72
487 2
1330 33
1008 61
676 64
477 83
1324 65
585 98
220 34
1252 32
107 3
982 52
1218 88
685 37
80 46
783 67
1142 47
1656 89
300 77
978 99
172 27
1914 15
443 84
1118 74
1505 82
1787 76
510 50
1197 53
1472 51
1924 58
1025 34
30 87
403 49
1524 59
649 33
969 48
577 7
506 7
1296 36
146 16
118 22
1263 70
1269 52
937 8
333 65
350 61
288 68
846 37
1004 96
1204 33
1161 75
1501 88
766 66
105 45
954 65
1960 20
