916 56
1512 15
173 30
59 84
1724 3
1755 94
1004 71
669 23
1028 66
1932 88
726 99
725 18
375 46
798 30
39 56
904 39
403 88
335 26
148 62
1993 58
288 13
1014 90
114 73
1550 18
1920 83
926 17
448 56
146 47
1801 68
110 91
1390 60
898 2
1955 64
1950 95
728 63
1098 12
491 67
868 57
396 10
1212 41
429 57
22 39
1459 15
854 26
811 55
766 46
1974 6
78 23
977 55
1822 33
608 23
1795 14
1565 97
1549 77
973 32
1944 16
1667 93
368 38
199 78
616 79
300 73
1038 34
1007 62
74 67
1110 14
1058 2
1274 37
1000 88
857 7
1708 81
1852 5
4 31
953 39
339 97
28 100
252 28
1210 64
1105 81
1272 2
1039 29
314 47
562 10
968 36
1711 32
505 21
