1078 97
993 11
827 14
1127 3
100 80
884 71
14 14
1545 50
500 24
599 39
88 2
1931 84
1974 99
824 97
466 33
76 10
586 79
1484 69
898 38
742 42
1246 25
152 20
354 11
1202 11
892 45
1675 48
887 56
592 33
1446 9
242 39
208 29
358 92
1548 3
1956 3
1857 6
313 32
1458 100
1640 66
675 48
1253 75
16 35
1014 91
1116 48
604 11
633 86
1285 30
223 51
1219 80
56 58
630 29
613 28
1790 8
360 50
813 16
7 77
1858 95
251 97
1294 34
1681 55
555 42
1098 83
1051 61
173 78
647 17
1336 7
584 65
566 26
1239 56
1181 41
1725 30
312 19
804 24
877 37
1003 57
1389 30
700 79
1695 26
1148 14
652 99
359 95
1266 98
1966 70
131 32
1324 81
1648 70
424 64
1505 11
