1658 59
107 64
261 42
984 43
1809 50
749 11
1877 42
400 7
1190 96
1834 85
1267 27
624 64
1119 88
1146 46
1671 19
1567 78
1677 31
1827 23
37 85
1361 51
1804 86
596 99
1130 14
713 42
651 54
518 57
666 55
648 55
1232 71
832 69
1013 51
1684 32
1482 31
825 94
395 77
1141 86
427 51
198 28
1937 91
1106 63
1169 45
786 35
932 39
476 32
1474 86
1439 83
862 50
319 15
1131 37
721 30
1300 30
94 51
1200 48
1154 7
1962 72
1314 4
266 2
1866 99
1286 76
1651 34
623 86
1980 15
1046 68
249 79
406 27
10 3
1883 15
1258 -1
774 45
723 72
729 85
1950 24
1233 86
283 92
311 92
1365 79
627 20
1080 5
591 45
235 96
330 61
1949 87
88 66
1999 77
1979 67
1135 33
1721 60
767 51
762 52
1825 17
