134 14
1038 19
1207 33
1690 32
1847 87
1637 20
1623 44
592 61
175 6
25 12
336 48
1242 68
1191 45
1356 62
925 54
316 99
1199 49
567 90
71 79
1550 90
1654 81
192 55
545 76
1300 10
281 84
521 97
1975 11
1129 3
485 60
11 36
671 2
1221 70
1520 85
1609 23
1431 2
673 42
919 99
1522 22
962 79
1752 -1
848 98
1213 46
1646 -1
884 16
643 19
1407 88
1107 98
1566 4
1198 66
667 42
789 63
646 40
765 81
1613 70
1570 97
307 11
421 64
312 26
1223 23
692 58
642 84
1718 27
1070 16
1361 23
1463 4
141 6
379 13
1531 8
376 54
660 98
989 76
446 84
1739 16
1426 73
760 57
1388 31
958 6
343 18
1849 45
898 50
1323 65
1478 39
964 96
571 78
