1451 97
268 33
116 82
1909 74
1376 63
1643 66
787 75
1708 93
990 42
165 72
1870 18
1805 36
1473 -1
291 90
1064 51
1189 77
1027 63
864 64
1938 48
1018 98
297 24
561 25
122 27
124 80
88 81
875 14
1604 77
1689 46
1780 14
1750 67
1213 78
986 72
1525 82
214 91
1673 63
809 58
342 29
1834 54
1768 85
410 36
1665 59
1541 70
1917 82
1932 29
1174 42
309 3
431 47
1745 87
71 99
1127 3
1639 2
947 84
876 26
179 84
90 11
387 48
903 95
1693 44
332 39
1775 62
1175 18
677 11
1486 15
992 87
1640 30
842 71
1278 99
456 13
411 67
705 95
1042 97
944 94
126 54
112 90
1218 81
1997 100
361 71
648 94
1177 70
396 20
