387 24
1636 1
1963 100
1043 15
1699 67
1743 76
244 66
878 39
1706 82
1374 5
293 90
571 93
997 60
993 22
252 12
1858 81
74 60
1417 78
182 18
1729 57
1936 73
1594 98
1075 32
1768 89
1323 57
1885 70
621 56
103 60
1334 35
1312 72
1806 6
883 47
500 4
614 9
885 71
1123 -1
122 52
554 64
162 12
1726 13
1352 15
1272 40
1943 91
231 7
1557 62
934 81
538 20
1246 61
427 19
328 29
1247 84
1152 71
874 55
1296 30
348 63
1054 35
1141 15
803 83
435 92
1491 37
780 9
1470 48
1337 51
1864 83
794 4
775 90
857 63
534 6
1021 76
747 64
461 15
53 12
703 14
192 58
922 88
876 29
825 67
979 67
1049 69
1464 82
836 10
1003 22
1276 93
669 17
1530 77
969 67
947 -1
1025 53
439 36
1179 95
1512 36
158 24
97 26
381 70
1746 39
988 41
986 7
1857 -1
1571 48
1158 58
